25
20 23   20
11  7   32
15 17   23
16 21   24
 3 12   47
 6 24   54
 1 20   63
 6  9   44
16 12   11
10 18   69
25 24   54
 2 13   39
 1 18   41
16  6   56
 3  7   70
 6 25   73
23 22   39
 4 20   13
12 22   39
16 14   49
 7 22   39
23  9   54
15 14   47
18  5   49
10  5   51
 5 23    8
17 11   49
19  2   76
 9 18   11
 4  1    5
 3 11   74
 9 17   70
 9 14   46
17 25   51
 8 14   57
14 22   49
 2 21   30
 4 23   68
19 12   35
20  8   26
10 23   65
17 13   77
17  8   70
14 24   39
11 21   31
 2  3   51
 8 25   46
24  5   38
18 21   55
 9  5    8
 7 16   37
 4 13   60
12  3   47
15 16   60
13 21   57
24 22   66
15  5   13
15  2   44
 4 14    1
 1  9   47
16  5   38
12 13   63
21 17    2
12 20   55
 5 25    0
 8 17    0
 5  8   41
21  6   54
 3 10   46
22 24   75
 8  5   54
 6 12   65
16 25   27
21  9   18
10  8   26
15  6   66
19  8   59
22 11   73
17 22   14
25  2    5
20 21   12
17 15   17
 1  8   20
13 10   61
 5 11   76
23 12   13
 2  1   73
17 23   15
 2 14   14
11 10   57
10 21   54
18  6   37
23 13   17
23 20   55
16  2   33
 7  9   58
19  3   10
 8 19   20
17 14   73
 6  5   48
 6 16   73
17 21   10
 1 24   48
22  6   63
 8  6   46
 1 19   66
14  2    5
23 16   66
 3 13   40
18  3    1
 5 20   69
18 17   51
22  3    7
24 15   52
20 24   73
13  6   44
 4  8   70
 5  6   39
22 19   50
20  6   26
20 17   29
11 15   44
 5 15   23
24  6   74
11  8   34
 5 12   70
16  9   55
 7  4   58
10  9   74
22 17   32
19  4   48
15  7   52
 6 21   23
14  4   46
25 19   72
13 11   35
 3 17   62
17  2   19
 5 21   71
17  7   42
24 12   26
10 19   29
 7 20   58
 7 14   33
15 19    4
23  6   48
 8  9   18
19  9   59
 2 16   17
 5  4   19
 9 22   27
 8 18   14
 2 17   19
14 19   53
15 21   46
 8 20   24
 4 18   30
25 12   30
10 17   48
11  1   62
20 25   26
23  4   79
20 13   12
24 14    6
21 13   26
12 18    7
 2 22   32
12  6   15
16 15   51
10  7   28
25 17   39
18 15    0
14  8   72
 2 12   78
 6 10   42
 9 16   71
13 24    5
 3 22   57
 4 25   16
23 25   14